"
    log_all_nodes = FALSE
    vis_writer = "Vizamrai", "VisIt"
}

Elastic {
    adaption_threshold = 1.0e5
    min_full_refinement_level = 0

    lambda_ijk=1,1,289
    lambda_coord_min=0,0,-2883000
    lambda_coord_max=1,1,-3000
    lambda_data=460383884000.0,
    459207214000.0,
    458272029600.0,
    457397216600.0,
    456522403600.0,
    455647590600.0,
    454772777600.0,
    453897964600.0,
    453023151600.0,
    452148338600.0,
    451273525600.0,
    450398712600.0,
    449387264667.0,
    448341658000.0,
    447296051333.0,
    446169741429.0,
    445023255714.0,
    443876770000.0,
    442730284286.0,
    441583798571.0,
    440437312857.0,
    439290827143.0,
    437832724400.0,
    436296717400.0,
    434760710400.0,
    433224703400.0,
    431688696400.0,
    430152689400.0,
    428616682400.0,
    427080675400.0,
    425544668400.0,
    424008661400.0,
    422621578400.0,
    421271726400.0,
    419921874400.0,
    418572022400.0,
    417222170400.0,
    415872318400.0,
    414522466400.0,
    413172614400.0,
    411822762400.0,
    410472910400.0,
    409137319200.0,
    407805293200.0,
    406473267200.0,
    405141241200.0,
    403809215200.0,
    402477189200.0,
    401145163200.0,
    399813137200.0,
    398481111200.0,
    397149085200.0,
    395728307200.0,
    394285341200.0,
    392842375200.0,
    391399409200.0,
    389956443200.0,
    388513477200.0,
    387070511200.0,
    385627545200.0,
    384184579200.0,
    382741613200.0,
    381549693600.0,
    380420535600.0,
    379291377600.0,
    378162219600.0,
    377033061600.0,
    375903903600.0,
    374774745600.0,
    373645587600.0,
    372516429600.0,
    371387271600.0,
    370054181600.0,
    368670108600.0,
    367286035600.0,
    365901962600.0,
    364517889600.0,
    363133816600.0,
    361749743600.0,
    360365670600.0,
    358981597600.0,
    357597524600.0,
    356351782800.0,
    355140623800.0,
    353929464800.0,
    352718305800.0,
    351507146800.0,
    350295987800.0,
    349084828800.0,
    347873669800.0,
    346662510800.0,
    345451351800.0,
    344310971200.0,
    343188285200.0,
    342065599200.0,
    340942913200.0,
    339820227200.0,
    338697541200.0,
    337574855200.0,
    336452169200.0,
    335329483200.0,
    334206797200.0,
    332845199200.0,
    331423873200.0,
    330002547200.0,
    328581221200.0,
    327159895200.0,
    325738569200.0,
    324317243200.0,
    322895917200.0,
    321474591200.0,
    320053265200.0,
    318866041600.0,
    317737343600.0,
    316608645600.0,
    315479947600.0,
    314351249600.0,
    313222551600.0,
    312093853600.0,
    310965155600.0,
    309836457600.0,
    308707759600.0,
    307503112000.0,
    306279477000.0,
    305055842000.0,
    303832207000.0,
    302608572000.0,
    301384937000.0,
    300161302000.0,
    298937667000.0,
    297714032000.0,
    296490397000.0,
    295347372400.0,
    294224500400.0,
    293101628400.0,
    291978756400.0,
    290855884400.0,
    289733012400.0,
    288610140400.0,
    287487268400.0,
    286364396400.0,
    285241524400.0,
    283993462800.0,
    282714103800.0,
    281434744800.0,
    280155385800.0,
    278876026800.0,
    277596667800.0,
    276317308800.0,
    275037949800.0,
    273758590800.0,
    272479231800.0,
    271282920000.0,
    270107370000.0,
    268931820000.0,
    267756270000.0,
    266580720000.0,
    265405170000.0,
    264229620000.0,
    263054070000.0,
    261878520000.0,
    260702970000.0,
    259508412800.0,
    258309103800.0,
    257109794800.0,
    255910485800.0,
    254711176800.0,
    253511867800.0,
    252312558800.0,
    251113249800.0,
    249913940800.0,
    248714631800.0,
    247501532400.0,
    246284985400.0,
    245068438400.0,
    243851891400.0,
    242635344400.0,
    241418797400.0,
    240202250400.0,
    238985703400.0,
    237769156400.0,
    236552609400.0,
    235282528800.0,
    233999064800.0,
    232715600800.0,
    231432136800.0,
    230148672800.0,
    228865208800.0,
    227581744800.0,
    226298280800.0,
    225014816800.0,
    223731352800.0,
    222410631200.0,
    221080595200.0,
    219750559200.0,
    218420523200.0,
    217090487200.0,
    215760451200.0,
    214430415200.0,
    213100379200.0,
    211770343200.0,
    210440307200.0,
    209227033600.0,
    208042950600.0,
    206858867600.0,
    205674784600.0,
    204490701600.0,
    203306618600.0,
    202122535600.0,
    200938452600.0,
    199754369600.0,
    198570286600.0,
    198151638713.0,
    197924349604.0,
    197697060495.0,
    197469771386.0,
    197242482277.0,
    197015193168.0,
    196787904059.0,
    196560614950.0,
    196333325842.0,
    196106036733.0,
    172761703000.0,
    172052464429.0,
    171343225857.0,
    170633987286.0,
    169924748714.0,
    169215510143.0,
    168506271571.0,
    166882367586.0,
    164866464138.0,
    162850560690.0,
    160854401600.0,
    158863178600.0,
    156871955600.0,
    154880732600.0,
    152889509600.0,
    150898286600.0,
    148907063600.0,
    146915840600.0,
    144924617600.0,
    142933394600.0,
    141039269437.0,
    139169418732.0,
    137299568028.0,
    135429717324.0,
    133559866620.0,
    131690015915.0,
    129820165211.0,
    119278060000.0,
    118327660000.0,
    117377260000.0,
    116470772000.0,
    115575262000.0,
    114679752000.0,
    113784242000.0,
    112888732000.0,
    111993222000.0,
    111097712000.0,
    110202202000.0,
    109306692000.0,
    108411182000.0,
    107558426667.0,
    106716360000.0,
    105874293333.0,
    105032226667.0,
    104190160000.0,
    83278560000.0,
    83364891428.6,
    83451222857.1,
    83537554285.7,
    83623885714.3,
    83790844307.7,
    83977959692.3,
    84165075076.9,
    84352190461.5,
    84539305846.2,
    84726421230.8,
    84913536615.4,
    85100652000.0,
    85287767384.6,
    85540871111.1,
    85671014781.1,
    85763348257.5,
    85855681733.9,
    85948015210.3,
    45878000000.0,
    34216000000.0,
    34216000000.0

    mu_ijk=1,1,289
    mu_coord_min=0,0,-2883000
    mu_coord_max=1,1,-3000

    mu_data=293370502000.0,
    293106967000.0,
    292907477600.0,
    292723999600.0,
    292540521600.0,
    292357043600.0,
    292173565600.0,
    291990087600.0,
    291806609600.0,
    291623131600.0,
    291439653600.0,
    291256175600.0,
    290937597333.0,
    290585244000.0,
    290232890667.0,
    289619289714.0,
    288940376857.0,
    288261464000.0,
    287582551143.0,
    286903638286.0,
    286224725429.0,
    285545812571.0,
    284951299600.0,
    284377886600.0,
    283804473600.0,
    283231060600.0,
    282657647600.0,
    282084234600.0,
    281510821600.0,
    280937408600.0,
    280363995600.0,
    279790582600.0,
    279161880800.0,
    278519356800.0,
    277876832800.0,
    277234308800.0,
    276591784800.0,
    275949260800.0,
    275306736800.0,
    274664212800.0,
    274021688800.0,
    273379164800.0,
    272804775200.0,
    272247419200.0,
    271690063200.0,
    271132707200.0,
    270575351200.0,
    270017995200.0,
    269460639200.0,
    268903283200.0,
    268345927200.0,
    267788571200.0,
    267237119200.0,
    266687143200.0,
    266137167200.0,
    265587191200.0,
    265037215200.0,
    264487239200.0,
    263937263200.0,
    263387287200.0,
    262837311200.0,
    262287335200.0,
    261684746400.0,
    261069004400.0,
    260453262400.0,
    259837520400.0,
    259221778400.0,
    258606036400.0,
    257990294400.0,
    257374552400.0,
    256758810400.0,
    256143068400.0,
    255592521600.0,
    255058273600.0,
    254524025600.0,
    253989777600.0,
    253455529600.0,
    252921281600.0,
    252387033600.0,
    251852785600.0,
    251318537600.0,
    250784289600.0,
    250199204800.0,
    249601410800.0,
    249003616800.0,
    248405822800.0,
    247808028800.0,
    247210234800.0,
    246612440800.0,
    246014646800.0,
    245416852800.0,
    244819058800.0,
    244191087200.0,
    243555571200.0,
    242920055200.0,
    242284539200.0,
    241649023200.0,
    241013507200.0,
    240377991200.0,
    239742475200.0,
    239106959200.0,
    238471443200.0,
    237936352800.0,
    237426368800.0,
    236916384800.0,
    236406400800.0,
    235896416800.0,
    235386432800.0,
    234876448800.0,
    234366464800.0,
    233856480800.0,
    233346496800.0,
    232788426400.0,
    232218334400.0,
    231648242400.0,
    231078150400.0,
    230508058400.0,
    229937966400.0,
    229367874400.0,
    228797782400.0,
    228227690400.0,
    227657598400.0,
    227094910400.0,
    226534073400.0,
    225973236400.0,
    225412399400.0,
    224851562400.0,
    224290725400.0,
    223729888400.0,
    223169051400.0,
    222608214400.0,
    222047377400.0,
    221406495600.0,
    220745602600.0,
    220084709600.0,
    219423816600.0,
    218762923600.0,
    218102030600.0,
    217441137600.0,
    216780244600.0,
    216119351600.0,
    215458458600.0,
    214893688000.0,
    214352948000.0,
    213812208000.0,
    213271468000.0,
    212730728000.0,
    212189988000.0,
    211649248000.0,
    211108508000.0,
    210567768000.0,
    210027028000.0,
    209409284000.0,
    208772289000.0,
    208135294000.0,
    207498299000.0,
    206861304000.0,
    206224309000.0,
    205587314000.0,
    204950319000.0,
    204313324000.0,
    203676329000.0,
    203083415600.0,
    202501522600.0,
    201919629600.0,
    201337736600.0,
    200755843600.0,
    200173950600.0,
    199592057600.0,
    199010164600.0,
    198428271600.0,
    197846378600.0,
    197240242400.0,
    196628045400.0,
    196015848400.0,
    195403651400.0,
    194791454400.0,
    194179257400.0,
    193567060400.0,
    192954863400.0,
    192342666400.0,
    191730469400.0,
    191128352400.0,
    190528755400.0,
    189929158400.0,
    189329561400.0,
    188729964400.0,
    188130367400.0,
    187530770400.0,
    186931173400.0,
    186331576400.0,
    185731979400.0,
    185096891200.0,
    184452930200.0,
    183808969200.0,
    183165008200.0,
    182521047200.0,
    181877086200.0,
    181233125200.0,
    180589164200.0,
    179945203200.0,
    179301242200.0,
    178669289200.0,
    178040338200.0,
    177411387200.0,
    176782436200.0,
    176153485200.0,
    175524534200.0,
    174895583200.0,
    174266632200.0,
    173637681200.0,
    173008730200.0,
    171471455644.0,
    169707100198.0,
    167942744752.0,
    166178389307.0,
    164414033861.0,
    162649678416.0,
    160885322970.0,
    159120967525.0,
    157356612079.0,
    155592256634.0,
    123537634000.0,
    123178039714.0,
    122818445429.0,
    122458851143.0,
    122099256857.0,
    121739662571.0,
    121380068286.0,
    120040750000.0,
    118281550000.0,
    116522350000.0,
    114929563600.0,
    113378380600.0,
    111827197600.0,
    110276014600.0,
    108724831600.0,
    107173648600.0,
    105622465600.0,
    104071282600.0,
    102520099600.0,
    100968916600.0,
    99504375549.3,
    98061494985.9,
    96618614422.5,
    95175733859.2,
    93732853295.8,
    92289972732.4,
    90847092169.0,
    80328111275.9,
    80017890241.4,
    79707669206.9,
    79354081240.0,
    78989651540.0,
    78625221840.0,
    78260792140.0,
    77896362440.0,
    77531932740.0,
    77167503040.0,
    76803073340.0,
    76438643640.0,
    76074213940.0,
    75697092078.4,
    75316797176.5,
    74936502274.5,
    74556207372.5,
    74175912470.6,
    65727360000.0,
    65848868571.4,
    65970377142.9,
    66091885714.3,
    66213394285.7,
    66334217934.1,
    66454870351.6,
    66575522769.2,
    66696175186.8,
    66816827604.4,
    66937480022.0,
    67058132439.6,
    67178784857.1,
    67299437274.7,
    67491040000.0,
    67639424145.9,
    67769401828.3,
    67899379510.7,
    68029357193.1,
    44109000000.0,
    26624000000.0,
    26624000000.0


    v_rhs="0"

    fac_solver {
        enable_logging = TRUE   // Bool flag to switch logging on/off
        max_cycles = 100         // Max number of FAC cycles to use
        residual_tol = 1e5     // Residual tolerance to solve for
        num_pre_sweeps = 2      // Number of presmoothing sweeps to use
        num_post_sweeps = 2     // Number of postsmoothing sweeps to use
        smoothing_choice = "Tackley"
        coarse_solver_choice = "Tackley"
        coarse_solver_max_iterations = 32
        coarse_solver_tolerance = 1e3
        v_prolongation_method = "V_REFINE"
    }
    boundary_conditions {
        vx_x_upper="0"
        vx_x_upper_is_dirichlet=TRUE
        vx_x_lower="0"
        vx_x_lower_is_dirichlet=TRUE
        vy_y_upper="0"
        vy_y_upper_is_dirichlet=TRUE
        vy_y_lower="0"
        vy_y_lower_is_dirichlet=TRUE

        vz_z_upper_ijk=56,77
        vz_z_upper_coord_min=0,0
        vz_z_upper_coord_max=6111111.11111,8444444.44444
        vz_z_upper_data=