   % Depth (km) / Lambda (Pa) / Mu (Pa)
   0.0000000e+00   2.1445500e+09   0.0000000e+00
   3.0000000e+00   2.1445500e+09   0.0000000e+00
   3.0000000e+00   3.4216000e+10   2.6624000e+10
   1.5000000e+01   3.4216000e+10   2.6624000e+10
   1.5000000e+01   4.5878000e+10   4.4109000e+10
   2.4400000e+01   4.5878000e+10   4.4109000e+10
   2.4400000e+01   8.6027422e+10   6.8141138e+10
   7.1000000e+01   8.5597148e+10   6.7535442e+10
   8.0000000e+01   8.5343902e+10   6.7335633e+10
   8.0000000e+01   8.5343902e+10   6.7335633e+10
   1.7100000e+02   8.3641152e+10   6.6237696e+10
   2.2000000e+02   8.3218128e+10   6.5642304e+10
   2.2000000e+02   1.0393754e+11   7.4061824e+10
   2.7100000e+02   1.0823208e+11   7.6001328e+10
   3.7100000e+02   1.1718718e+11   7.9645625e+10
   4.0000000e+02   1.1994334e+11   8.0545266e+10
   4.0000000e+02   1.2925921e+11   9.0414228e+10
   4.7100000e+02   1.4253515e+11   1.0065868e+11
   5.7100000e+02   1.6244738e+11   1.1617051e+11
   6.0000000e+02   1.6829350e+11   1.2127219e+11
   6.0000000e+02   1.6829350e+11   1.2127219e+11
   6.7000000e+02   1.7325817e+11   1.2378935e+11
   6.7000000e+02   1.9603785e+11   1.5506295e+11
   7.7100000e+02   1.9833347e+11   1.7288294e+11
   8.7100000e+02   2.1017430e+11   1.7917245e+11
   9.7100000e+02   2.2347466e+11   1.8561206e+11
   1.0710000e+03   2.3630930e+11   1.9160803e+11
   1.1710000e+03   2.4847477e+11   1.9773000e+11
   1.2710000e+03   2.6046786e+11   2.0354893e+11
   1.3710000e+03   2.7222336e+11   2.0991888e+11
   1.4710000e+03   2.8501695e+11   2.1532628e+11
   1.5710000e+03   2.9624567e+11   2.2193521e+11
   1.6710000e+03   3.0848202e+11   2.2754358e+11
   1.7710000e+03   3.1976900e+11   2.3324450e+11
   1.8710000e+03   3.3398226e+11   2.3834434e+11
   1.9710000e+03   3.4520912e+11   2.4469950e+11
   2.0710000e+03   3.5732071e+11   2.5067744e+11
   2.1710000e+03   3.7116144e+11   2.5601992e+11
   2.2710000e+03   3.8245302e+11   2.6217734e+11
   2.3710000e+03   3.9688268e+11   2.6767710e+11
   2.4710000e+03   4.1020294e+11   2.7325066e+11
   2.5710000e+03   4.2370146e+11   2.7967590e+11
   2.6710000e+03   4.3906153e+11   2.8541003e+11
   2.7410000e+03   4.4708693e+11   2.9016242e+11
   2.7710000e+03   4.5022375e+11   2.9121948e+11
   2.8710000e+03   4.5897188e+11   2.9305426e+11
   2.8910000e+03   4.6132522e+11   2.9358133e+11
   2.8910000e+03   6.4313964e+11   0.0000000e+00
   2.9710000e+03   6.7441720e+11   0.0000000e+00
   3.0710000e+03   7.1147613e+11   0.0000000e+00
   3.1710000e+03   7.4809963e+11   0.0000000e+00
   3.2710000e+03   7.8520393e+11   0.0000000e+00
   3.3710000e+03   8.2086400e+11   0.0000000e+00
   3.4710000e+03   8.5566278e+11   0.0000000e+00
   3.5710000e+03   8.8864212e+11   0.0000000e+00
   3.6710000e+03   9.2245523e+11   0.0000000e+00
   3.7710000e+03   9.5419187e+11   0.0000000e+00
   3.8710000e+03   9.8454544e+11   0.0000000e+00
   3.9710000e+03   1.0146368e+12   0.0000000e+00
   4.0710000e+03   1.0453332e+12   0.0000000e+00
   4.1710000e+03   1.0734822e+12   0.0000000e+00
   4.2710000e+03   1.0998731e+12   0.0000000e+00
   4.3710000e+03   1.1280182e+12   0.0000000e+00
   4.4710000e+03   1.1519810e+12   0.0000000e+00
   4.5710000e+03   1.1786392e+12   0.0000000e+00
   4.6710000e+03   1.2022988e+12   0.0000000e+00
   4.7710000e+03   1.2238521e+12   0.0000000e+00
   4.8710000e+03   1.2470716e+12   0.0000000e+00
   4.9710000e+03   1.2681044e+12   0.0000000e+00
   5.0710000e+03   1.2883087e+12   0.0000000e+00
   5.1495000e+03   1.3062012e+12   0.0000000e+00
   5.1495000e+03   1.2397731e+12   1.5631000e+11
   5.1710000e+03   1.2417727e+12   1.5732768e+11
   5.2710000e+03   1.2497154e+12   1.6065511e+11
   5.3710000e+03   1.2623527e+12   1.6310923e+11
   5.4710000e+03   1.2712064e+12   1.6545972e+11
   5.5710000e+03   1.2772015e+12   1.6783200e+11
   5.6710000e+03   1.2869917e+12   1.6915666e+11
   5.7710000e+03   1.2920270e+12   1.7143147e+11
   5.8710000e+03   1.2950413e+12   1.7264229e+11
   5.9710000e+03   1.3009884e+12   1.7385862e+11
   6.0710000e+03   1.3040109e+12   1.7508049e+11
   6.1710000e+03   1.3079529e+12   1.7521445e+11
   6.2710000e+03   1.3070339e+12   1.7630790e+11
   6.3710000e+03   1.3070339e+12   1.7630790e+11
